DATATYPE	 IR Spectrum
XYUNITS	 Wavenumber;PercentTransmittance
DECIMALSYMBOL	 .
550.00	 99.93
551.00	 99.97
552.00	 99.76
553.00	 99.51
554.00	 99.47
555.00	 99.51
556.00	 99.45
557.00	 99.35
558.00	 99.33
559.00	 99.33
560.00	 99.26
561.00	 99.26
562.00	 99.43
563.00	 99.59
564.00	 99.59
565.00	 99.54
566.00	 99.58
567.00	 99.60
568.00	 99.51
569.00	 99.50
570.00	 99.66
571.00	 99.80
572.00	 99.74
573.00	 99.62
574.00	 99.61
575.00	 99.64
576.00	 99.58
577.00	 99.53
578.00	 99.59
579.00	 99.66
580.00	 99.65
581.00	 99.66
582.00	 99.77
583.00	 99.84
584.00	 99.76
585.00	 99.61
586.00	 99.54
587.00	 99.50
588.00	 99.45
589.00	 99.49
590.00	 99.65
591.00	 99.80
592.00	 99.80
593.00	 99.72
594.00	 99.71
595.00	 99.73
596.00	 99.70
597.00	 99.68
598.00	 99.74
599.00	 99.80
600.00	 99.76
601.00	 99.67
602.00	 99.61
603.00	 99.57
604.00	 99.53
605.00	 99.52
606.00	 99.57
607.00	 99.61
608.00	 99.60
609.00	 99.61
610.00	 99.68
611.00	 99.74
612.00	 99.72
613.00	 99.69
614.00	 99.70
615.00	 99.71
616.00	 99.64
617.00	 99.56
618.00	 99.53
619.00	 99.52
620.00	 99.46
621.00	 99.43
622.00	 99.45
623.00	 99.50
624.00	 99.49
625.00	 99.48
626.00	 99.51
627.00	 99.54
628.00	 99.51
629.00	 99.50
630.00	 99.55
631.00	 99.60
632.00	 99.59
633.00	 99.56
634.00	 99.56
635.00	 99.57
636.00	 99.55
637.00	 99.53
638.00	 99.57
639.00	 99.63
640.00	 99.66
641.00	 99.66
642.00	 99.67
643.00	 99.68
644.00	 99.66
645.00	 99.64
646.00	 99.64
647.00	 99.65
648.00	 99.64
649.00	 99.66
650.00	 99.73
651.00	 99.79
652.00	 99.77
653.00	 99.72
654.00	 99.70
655.00	 99.71
656.00	 99.71
657.00	 99.68
658.00	 99.64
659.00	 99.60
660.00	 99.56
661.00	 99.54
662.00	 99.58
663.00	 99.60
664.00	 99.58
665.00	 99.54
666.00	 99.53
667.00	 99.56
668.00	 99.59
669.00	 99.59
670.00	 99.62
671.00	 99.65
672.00	 99.63
673.00	 99.62
674.00	 99.63
675.00	 99.66
676.00	 99.66
677.00	 99.65
678.00	 99.67
679.00	 99.68
680.00	 99.65
681.00	 99.61
682.00	 99.60
683.00	 99.61
684.00	 99.62
685.00	 99.63
686.00	 99.67
687.00	 99.70
688.00	 99.70
689.00	 99.67
690.00	 99.65
691.00	 99.64
692.00	 99.63
693.00	 99.62
694.00	 99.64
695.00	 99.65
696.00	 99.65
697.00	 99.64
698.00	 99.67
699.00	 99.69
700.00	 99.67
701.00	 99.65
702.00	 99.64
703.00	 99.65
704.00	 99.65
705.00	 99.65
706.00	 99.66
707.00	 99.66
708.00	 99.64
709.00	 99.62
710.00	 99.62
711.00	 99.63
712.00	 99.63
713.00	 99.61
714.00	 99.61
715.00	 99.60
716.00	 99.59
717.00	 99.59
718.00	 99.60
719.00	 99.62
720.00	 99.62
721.00	 99.61
722.00	 99.60
723.00	 99.59
724.00	 99.58
725.00	 99.58
726.00	 99.61
727.00	 99.63
728.00	 99.64
729.00	 99.63
730.00	 99.64
731.00	 99.64
732.00	 99.63
733.00	 99.62
734.00	 99.63
735.00	 99.64
736.00	 99.63
737.00	 99.63
738.00	 99.66
739.00	 99.68
740.00	 99.67
741.00	 99.65
742.00	 99.65
743.00	 99.65
744.00	 99.64
745.00	 99.63
746.00	 99.64
747.00	 99.67
748.00	 99.69
749.00	 99.69
750.00	 99.70
751.00	 99.69
752.00	 99.67
753.00	 99.66
754.00	 99.68
755.00	 99.70
756.00	 99.69
757.00	 99.68
758.00	 99.67
759.00	 99.67
760.00	 99.65
761.00	 99.65
762.00	 99.67
763.00	 99.69
764.00	 99.70
765.00	 99.69
766.00	 99.69
767.00	 99.69
768.00	 99.68
769.00	 99.67
770.00	 99.68
771.00	 99.69
772.00	 99.70
773.00	 99.70
774.00	 99.71
775.00	 99.70
776.00	 99.67
777.00	 99.63
778.00	 99.61
779.00	 99.60
780.00	 99.59
781.00	 99.59
782.00	 99.59
783.00	 99.60
784.00	 99.59
785.00	 99.58
786.00	 99.58
787.00	 99.57
788.00	 99.53
789.00	 99.50
790.00	 99.48
791.00	 99.48
792.00	 99.46
793.00	 99.45
794.00	 99.44
795.00	 99.44
796.00	 99.40
797.00	 99.37
798.00	 99.34
799.00	 99.32
800.00	 99.30
801.00	 99.28
802.00	 99.26
803.00	 99.22
804.00	 99.14
805.00	 99.03
806.00	 98.94
807.00	 98.85
808.00	 98.79
809.00	 98.78
810.00	 98.82
811.00	 98.89
812.00	 98.96
813.00	 99.05
814.00	 99.14
815.00	 99.22
816.00	 99.28
817.00	 99.33
818.00	 99.38
819.00	 99.41
820.00	 99.42
821.00	 99.42
822.00	 99.43
823.00	 99.44
824.00	 99.42
825.00	 99.41
826.00	 99.40
827.00	 99.39
828.00	 99.37
829.00	 99.35
830.00	 99.35
831.00	 99.35
832.00	 99.34
833.00	 99.33
834.00	 99.31
835.00	 99.27
836.00	 99.19
837.00	 99.05
838.00	 98.85
839.00	 98.60
840.00	 98.37
841.00	 98.27
842.00	 98.34
843.00	 98.54
844.00	 98.77
845.00	 98.98
846.00	 99.15
847.00	 99.26
848.00	 99.32
849.00	 99.35
850.00	 99.39
851.00	 99.42
852.00	 99.44
853.00	 99.45
854.00	 99.45
855.00	 99.46
856.00	 99.47
857.00	 99.48
858.00	 99.50
859.00	 99.52
860.00	 99.52
861.00	 99.52
862.00	 99.53
863.00	 99.54
864.00	 99.54
865.00	 99.54
866.00	 99.56
867.00	 99.56
868.00	 99.55
869.00	 99.55
870.00	 99.56
871.00	 99.57
872.00	 99.57
873.00	 99.57
874.00	 99.59
875.00	 99.59
876.00	 99.59
877.00	 99.58
878.00	 99.60
879.00	 99.61
880.00	 99.62
881.00	 99.62
882.00	 99.63
883.00	 99.63
884.00	 99.62
885.00	 99.61
886.00	 99.60
887.00	 99.59
888.00	 99.57
889.00	 99.56
890.00	 99.55
891.00	 99.54
892.00	 99.50
893.00	 99.45
894.00	 99.38
895.00	 99.29
896.00	 99.17
897.00	 99.06
898.00	 98.99
899.00	 98.97
900.00	 98.99
901.00	 99.05
902.00	 99.14
903.00	 99.24
904.00	 99.32
905.00	 99.39
906.00	 99.45
907.00	 99.50
908.00	 99.53
909.00	 99.55
910.00	 99.58
911.00	 99.60
912.00	 99.60
913.00	 99.60
914.00	 99.61
915.00	 99.63
916.00	 99.64
917.00	 99.66
918.00	 99.67
919.00	 99.67
920.00	 99.67
921.00	 99.67
922.00	 99.67
923.00	 99.67
924.00	 99.67
925.00	 99.66
926.00	 99.66
927.00	 99.65
928.00	 99.65
929.00	 99.64
930.00	 99.64
931.00	 99.64
932.00	 99.64
933.00	 99.63
934.00	 99.63
935.00	 99.62
936.00	 99.59
937.00	 99.56
938.00	 99.53
939.00	 99.51
940.00	 99.49
941.00	 99.48
942.00	 99.49
943.00	 99.51
944.00	 99.52
945.00	 99.54
946.00	 99.55
947.00	 99.56
948.00	 99.55
949.00	 99.55
950.00	 99.56
951.00	 99.56
952.00	 99.55
953.00	 99.54
954.00	 99.52
955.00	 99.51
956.00	 99.49
957.00	 99.47
958.00	 99.45
959.00	 99.44
960.00	 99.41
961.00	 99.38
962.00	 99.34
963.00	 99.30
964.00	 99.25
965.00	 99.19
966.00	 99.10
967.00	 98.97
968.00	 98.79
969.00	 98.56
970.00	 98.31
971.00	 98.06
972.00	 97.88
973.00	 97.81
974.00	 97.87
975.00	 98.03
976.00	 98.24
977.00	 98.46
978.00	 98.67
979.00	 98.86
980.00	 99.01
981.00	 99.12
982.00	 99.22
983.00	 99.30
984.00	 99.35
985.00	 99.37
986.00	 99.37
987.00	 99.36
988.00	 99.34
989.00	 99.29
990.00	 99.24
991.00	 99.16
992.00	 99.04
993.00	 98.89
994.00	 98.72
995.00	 98.52
996.00	 98.32
997.00	 98.20
998.00	 98.18
999.00	 98.28
1000.00	 98.45
1001.00	 98.66
1002.00	 98.85
1003.00	 99.00
1004.00	 99.10
1005.00	 99.17
1006.00	 99.23
1007.00	 99.28
1008.00	 99.31
1009.00	 99.33
1010.00	 99.36
1011.00	 99.38
1012.00	 99.39
1013.00	 99.39
1014.00	 99.40
1015.00	 99.40
1016.00	 99.40
1017.00	 99.39
1018.00	 99.39
1019.00	 99.39
1020.00	 99.40
1021.00	 99.40
1022.00	 99.40
1023.00	 99.41
1024.00	 99.41
1025.00	 99.41
1026.00	 99.42
1027.00	 99.43
1028.00	 99.43
1029.00	 99.42
1030.00	 99.42
1031.00	 99.42
1032.00	 99.42
1033.00	 99.41
1034.00	 99.41
1035.00	 99.41
1036.00	 99.41
1037.00	 99.40
1038.00	 99.40
1039.00	 99.39
1040.00	 99.37
1041.00	 99.35
1042.00	 99.34
1043.00	 99.33
1044.00	 99.31
1045.00	 99.30
1046.00	 99.31
1047.00	 99.32
1048.00	 99.34
1049.00	 99.36
1050.00	 99.38
1051.00	 99.39
1052.00	 99.40
1053.00	 99.41
1054.00	 99.43
1055.00	 99.45
1056.00	 99.46
1057.00	 99.46
1058.00	 99.46
1059.00	 99.45
1060.00	 99.45
1061.00	 99.45
1062.00	 99.45
1063.00	 99.45
1064.00	 99.45
1065.00	 99.45
1066.00	 99.46
1067.00	 99.47
1068.00	 99.47
1069.00	 99.46
1070.00	 99.45
1071.00	 99.45
1072.00	 99.45
1073.00	 99.45
1074.00	 99.45
1075.00	 99.46
1076.00	 99.45
1077.00	 99.44
1078.00	 99.44
1079.00	 99.44
1080.00	 99.43
1081.00	 99.43
1082.00	 99.43
1083.00	 99.43
1084.00	 99.43
1085.00	 99.42
1086.00	 99.40
1087.00	 99.38
1088.00	 99.36
1089.00	 99.35
1090.00	 99.35
1091.00	 99.35
1092.00	 99.35
1093.00	 99.33
1094.00	 99.31
1095.00	 99.28
1096.00	 99.25
1097.00	 99.21
1098.00	 99.17
1099.00	 99.14
1100.00	 99.12
1101.00	 99.10
1102.00	 99.09
1103.00	 99.10
1104.00	 99.11
1105.00	 99.12
1106.00	 99.14
1107.00	 99.17
1108.00	 99.20
1109.00	 99.24
1110.00	 99.29
1111.00	 99.33
1112.00	 99.35
1113.00	 99.35
1114.00	 99.35
1115.00	 99.34
1116.00	 99.33
1117.00	 99.32
1118.00	 99.32
1119.00	 99.32
1120.00	 99.33
1121.00	 99.34
1122.00	 99.36
1123.00	 99.37
1124.00	 99.37
1125.00	 99.37
1126.00	 99.37
1127.00	 99.37
1128.00	 99.37
1129.00	 99.37
1130.00	 99.38
1131.00	 99.39
1132.00	 99.39
1133.00	 99.39
1134.00	 99.39
1135.00	 99.38
1136.00	 99.37
1137.00	 99.36
1138.00	 99.34
1139.00	 99.31
1140.00	 99.27
1141.00	 99.23
1142.00	 99.20
1143.00	 99.16
1144.00	 99.11
1145.00	 99.07
1146.00	 99.02
1147.00	 98.98
1148.00	 98.93
1149.00	 98.87
1150.00	 98.82
1151.00	 98.77
1152.00	 98.72
1153.00	 98.69
1154.00	 98.68
1155.00	 98.67
1156.00	 98.65
1157.00	 98.63
1158.00	 98.61
1159.00	 98.58
1160.00	 98.54
1161.00	 98.50
1162.00	 98.45
1163.00	 98.39
1164.00	 98.31
1165.00	 98.23
1166.00	 98.17
1167.00	 98.13
1168.00	 98.14
1169.00	 98.20
1170.00	 98.31
1171.00	 98.46
1172.00	 98.62
1173.00	 98.76
1174.00	 98.89
1175.00	 98.98
1176.00	 99.05
1177.00	 99.11
1178.00	 99.16
1179.00	 99.20
1180.00	 99.23
1181.00	 99.25
1182.00	 99.27
1183.00	 99.29
1184.00	 99.31
1185.00	 99.33
1186.00	 99.34
1187.00	 99.36
1188.00	 99.37
1189.00	 99.38
1190.00	 99.38
1191.00	 99.37
1192.00	 99.36
1193.00	 99.36
1194.00	 99.35
1195.00	 99.35
1196.00	 99.35
1197.00	 99.35
1198.00	 99.36
1199.00	 99.37
1200.00	 99.37
1201.00	 99.37
1202.00	 99.37
1203.00	 99.37
1204.00	 99.37
1205.00	 99.38
1206.00	 99.39
1207.00	 99.40
1208.00	 99.40
1209.00	 99.39
1210.00	 99.37
1211.00	 99.36
1212.00	 99.33
1213.00	 99.31
1214.00	 99.29
1215.00	 99.26
1216.00	 99.24
1217.00	 99.22
1218.00	 99.22
1219.00	 99.22
1220.00	 99.23
1221.00	 99.25
1222.00	 99.27
1223.00	 99.29
1224.00	 99.31
1225.00	 99.32
1226.00	 99.33
1227.00	 99.34
1228.00	 99.34
1229.00	 99.34
1230.00	 99.34
1231.00	 99.34
1232.00	 99.34
1233.00	 99.35
1234.00	 99.35
1235.00	 99.35
1236.00	 99.35
1237.00	 99.35
1238.00	 99.35
1239.00	 99.36
1240.00	 99.36
1241.00	 99.36
1242.00	 99.36
1243.00	 99.36
1244.00	 99.35
1245.00	 99.34
1246.00	 99.33
1247.00	 99.31
1248.00	 99.29
1249.00	 99.27
1250.00	 99.24
1251.00	 99.21
1252.00	 99.16
1253.00	 99.11
1254.00	 99.07
1255.00	 99.05
1256.00	 99.04
1257.00	 99.06
1258.00	 99.08
1259.00	 99.12
1260.00	 99.15
1261.00	 99.17
1262.00	 99.20
1263.00	 99.22
1264.00	 99.24
1265.00	 99.25
1266.00	 99.27
1267.00	 99.28
1268.00	 99.30
1269.00	 99.31
1270.00	 99.32
1271.00	 99.33
1272.00	 99.34
1273.00	 99.34
1274.00	 99.34
1275.00	 99.35
1276.00	 99.35
1277.00	 99.35
1278.00	 99.35
1279.00	 99.36
1280.00	 99.36
1281.00	 99.35
1282.00	 99.35
1283.00	 99.35
1284.00	 99.34
1285.00	 99.33
1286.00	 99.32
1287.00	 99.30
1288.00	 99.29
1289.00	 99.27
1290.00	 99.25
1291.00	 99.22
1292.00	 99.20
1293.00	 99.17
1294.00	 99.16
1295.00	 99.15
1296.00	 99.15
1297.00	 99.15
1298.00	 99.16
1299.00	 99.16
1300.00	 99.16
1301.00	 99.14
1302.00	 99.12
1303.00	 99.11
1304.00	 99.10
1305.00	 99.12
1306.00	 99.16
1307.00	 99.22
1308.00	 99.27
1309.00	 99.31
1310.00	 99.33
1311.00	 99.35
1312.00	 99.36
1313.00	 99.36
1314.00	 99.37
1315.00	 99.37
1316.00	 99.37
1317.00	 99.36
1318.00	 99.35
1319.00	 99.34
1320.00	 99.33
1321.00	 99.32
1322.00	 99.31
1323.00	 99.29
1324.00	 99.27
1325.00	 99.24
1326.00	 99.22
1327.00	 99.20
1328.00	 99.18
1329.00	 99.17
1330.00	 99.16
1331.00	 99.17
1332.00	 99.18
1333.00	 99.21
1334.00	 99.23
1335.00	 99.26
1336.00	 99.27
1337.00	 99.27
1338.00	 99.26
1339.00	 99.24
1340.00	 99.21
1341.00	 99.20
1342.00	 99.19
1343.00	 99.17
1344.00	 99.15
1345.00	 99.12
1346.00	 99.08
1347.00	 99.03
1348.00	 98.97
1349.00	 98.90
1350.00	 98.82
1351.00	 98.73
1352.00	 98.62
1353.00	 98.49
1354.00	 98.32
1355.00	 98.14
1356.00	 97.95
1357.00	 97.80
1358.00	 97.70
1359.00	 97.67
1360.00	 97.70
1361.00	 97.78
1362.00	 97.87
1363.00	 97.95
1364.00	 97.98
1365.00	 97.97
1366.00	 97.89
1367.00	 97.72
1368.00	 97.42
1369.00	 96.95
1370.00	 96.34
1371.00	 95.63
1372.00	 94.83
1373.00	 93.92
1374.00	 92.99
1375.00	 92.29
1376.00	 92.08
1377.00	 92.39
1378.00	 93.09
1379.00	 94.01
1380.00	 94.98
1381.00	 95.89
1382.00	 96.68
1383.00	 97.33
1384.00	 97.84
1385.00	 98.21
1386.00	 98.49
1387.00	 98.71
1388.00	 98.86
1389.00	 98.96
1390.00	 99.04
1391.00	 99.09
1392.00	 99.12
1393.00	 99.14
1394.00	 99.16
1395.00	 99.18
1396.00	 99.19
1397.00	 99.20
1398.00	 99.22
1399.00	 99.23
1400.00	 99.24
1401.00	 99.24
1402.00	 99.25
1403.00	 99.26
1404.00	 99.26
1405.00	 99.26
1406.00	 99.25
1407.00	 99.26
1408.00	 99.26
1409.00	 99.25
1410.00	 99.24
1411.00	 99.24
1412.00	 99.23
1413.00	 99.22
1414.00	 99.22
1415.00	 99.22
1416.00	 99.20
1417.00	 99.17
1418.00	 99.15
1419.00	 99.13
1420.00	 99.11
1421.00	 99.10
1422.00	 99.11
1423.00	 99.12
1424.00	 99.10
1425.00	 99.07
1426.00	 99.04
1427.00	 99.01
1428.00	 98.95
1429.00	 98.86
1430.00	 98.73
1431.00	 98.56
1432.00	 98.35
1433.00	 98.15
1434.00	 97.99
1435.00	 97.86
1436.00	 97.75
1437.00	 97.67
1438.00	 97.65
1439.00	 97.65
1440.00	 97.63
1441.00	 97.56
1442.00	 97.44
1443.00	 97.25
1444.00	 97.01
1445.00	 96.75
1446.00	 96.44
1447.00	 96.06
1448.00	 95.64
1449.00	 95.26
1450.00	 95.01
1451.00	 94.86
1452.00	 94.77
1453.00	 94.73
1454.00	 94.76
1455.00	 94.81
1456.00	 94.80
1457.00	 94.66
1458.00	 94.49
1459.00	 94.46
1460.00	 94.57
1461.00	 94.75
1462.00	 94.97
1463.00	 95.21
1464.00	 95.46
1465.00	 95.75
1466.00	 96.07
1467.00	 96.41
1468.00	 96.75
1469.00	 97.07
1470.00	 97.39
1471.00	 97.68
1472.00	 97.96
1473.00	 98.24
1474.00	 98.48
1475.00	 98.65
1476.00	 98.78
1477.00	 98.90
1478.00	 99.00
1479.00	 99.07
1480.00	 99.14
1481.00	 99.19
1482.00	 99.24
1483.00	 99.28
1484.00	 99.32
1485.00	 99.35
1486.00	 99.38
1487.00	 99.40
1488.00	 99.42
1489.00	 99.44
1490.00	 99.46
1491.00	 99.47
1492.00	 99.49
1493.00	 99.50
1494.00	 99.51
1495.00	 99.53
1496.00	 99.54
1497.00	 99.56
1498.00	 99.56
1499.00	 99.57
1500.00	 99.57
1501.00	 99.57
1502.00	 99.57
1503.00	 99.57
1504.00	 99.58
1505.00	 99.60
1506.00	 99.61
1507.00	 99.59
1508.00	 99.59
1509.00	 99.59
1510.00	 99.59
1511.00	 99.59
1512.00	 99.58
1513.00	 99.58
1514.00	 99.59
1515.00	 99.60
1516.00	 99.60
1517.00	 99.61
1518.00	 99.61
1519.00	 99.61
1520.00	 99.62
1521.00	 99.63
1522.00	 99.63
1523.00	 99.64
1524.00	 99.63
1525.00	 99.62
1526.00	 99.62
1527.00	 99.61
1528.00	 99.60
1529.00	 99.60
1530.00	 99.60
1531.00	 99.61
1532.00	 99.62
1533.00	 99.62
1534.00	 99.62
1535.00	 99.61
1536.00	 99.61
1537.00	 99.60
1538.00	 99.60
1539.00	 99.58
1540.00	 99.56
1541.00	 99.56
1542.00	 99.57
1543.00	 99.57
1544.00	 99.57
1545.00	 99.57
1546.00	 99.58
1547.00	 99.59
1548.00	 99.59
1549.00	 99.58
1550.00	 99.58
1551.00	 99.58
1552.00	 99.59
1553.00	 99.59
1554.00	 99.59
1555.00	 99.58
1556.00	 99.57
1557.00	 99.58
1558.00	 99.58
1559.00	 99.59
1560.00	 99.60
1561.00	 99.60
1562.00	 99.59
1563.00	 99.59
1564.00	 99.58
1565.00	 99.58
1566.00	 99.57
1567.00	 99.57
1568.00	 99.57
1569.00	 99.57
1570.00	 99.56
1571.00	 99.56
1572.00	 99.56
1573.00	 99.56
1574.00	 99.56
1575.00	 99.55
1576.00	 99.55
1577.00	 99.55
1578.00	 99.55
1579.00	 99.54
1580.00	 99.54
1581.00	 99.53
1582.00	 99.53
1583.00	 99.53
1584.00	 99.53
1585.00	 99.53
1586.00	 99.52
1587.00	 99.51
1588.00	 99.51
1589.00	 99.50
1590.00	 99.51
1591.00	 99.51
1592.00	 99.52
1593.00	 99.52
1594.00	 99.53
1595.00	 99.54
1596.00	 99.54
1597.00	 99.54
1598.00	 99.53
1599.00	 99.53
1600.00	 99.53
1601.00	 99.53
1602.00	 99.53
1603.00	 99.54
1604.00	 99.54
1605.00	 99.54
1606.00	 99.55
1607.00	 99.55
1608.00	 99.55
1609.00	 99.55
1610.00	 99.56
1611.00	 99.56
1612.00	 99.56
1613.00	 99.55
1614.00	 99.54
1615.00	 99.54
1616.00	 99.53
1617.00	 99.53
1618.00	 99.54
1619.00	 99.55
1620.00	 99.55
1621.00	 99.56
1622.00	 99.57
1623.00	 99.57
1624.00	 99.57
1625.00	 99.58
1626.00	 99.57
1627.00	 99.57
1628.00	 99.56
1629.00	 99.55
1630.00	 99.55
1631.00	 99.54
1632.00	 99.54
1633.00	 99.55
1634.00	 99.56
1635.00	 99.56
1636.00	 99.55
1637.00	 99.55
1638.00	 99.55
1639.00	 99.55
1640.00	 99.54
1641.00	 99.54
1642.00	 99.54
1643.00	 99.54
1644.00	 99.53
1645.00	 99.53
1646.00	 99.53
1647.00	 99.53
1648.00	 99.53
1649.00	 99.53
1650.00	 99.53
1651.00	 99.53
1652.00	 99.53
1653.00	 99.50
1654.00	 99.50
1655.00	 99.51
1656.00	 99.52
1657.00	 99.53
1658.00	 99.54
1659.00	 99.54
1660.00	 99.55
1661.00	 99.55
1662.00	 99.56
1663.00	 99.56
1664.00	 99.56
1665.00	 99.56
1666.00	 99.56
1667.00	 99.56
1668.00	 99.57
1669.00	 99.57
1670.00	 99.57
1671.00	 99.57
1672.00	 99.57
1673.00	 99.57
1674.00	 99.57
1675.00	 99.56
1676.00	 99.57
1677.00	 99.58
1678.00	 99.59
1679.00	 99.59
1680.00	 99.59
1681.00	 99.59
1682.00	 99.60
1683.00	 99.60
1684.00	 99.60
1685.00	 99.61
1686.00	 99.62
1687.00	 99.62
1688.00	 99.61
1689.00	 99.60
1690.00	 99.59
1691.00	 99.59
1692.00	 99.59
1693.00	 99.59
1694.00	 99.59
1695.00	 99.59
1696.00	 99.59
1697.00	 99.58
1698.00	 99.58
1699.00	 99.58
1700.00	 99.57
1701.00	 99.57
1702.00	 99.57
1703.00	 99.56
1704.00	 99.55
1705.00	 99.53
1706.00	 99.52
1707.00	 99.51
1708.00	 99.50
1709.00	 99.49
1710.00	 99.49
1711.00	 99.48
1712.00	 99.48
1713.00	 99.47
1714.00	 99.47
1715.00	 99.47
1716.00	 99.47
1717.00	 99.48
1718.00	 99.50
1719.00	 99.51
1720.00	 99.51
1721.00	 99.51
1722.00	 99.50
1723.00	 99.50
1724.00	 99.50
1725.00	 99.49
1726.00	 99.47
1727.00	 99.45
1728.00	 99.43
1729.00	 99.40
1730.00	 99.37
1731.00	 99.35
1732.00	 99.34
1733.00	 99.33
1734.00	 99.31
1735.00	 99.28
1736.00	 99.27
1737.00	 99.26
1738.00	 99.26
1739.00	 99.24
1740.00	 99.22
1741.00	 99.20
1742.00	 99.19
1743.00	 99.19
1744.00	 99.20
1745.00	 99.21
1746.00	 99.24
1747.00	 99.26
1748.00	 99.29
1749.00	 99.32
1750.00	 99.35
1751.00	 99.39
1752.00	 99.43
1753.00	 99.48
1754.00	 99.51
1755.00	 99.54
1756.00	 99.56
1757.00	 99.60
1758.00	 99.63
1759.00	 99.67
1760.00	 99.70
1761.00	 99.72
1762.00	 99.74
1763.00	 99.76
1764.00	 99.77
1765.00	 99.78
1766.00	 99.78
1767.00	 99.77
1768.00	 99.77
1769.00	 99.77
1770.00	 99.78
1771.00	 99.79
1772.00	 99.80
1773.00	 99.83
1774.00	 99.84
1775.00	 99.85
1776.00	 99.86
1777.00	 99.86
1778.00	 99.85
1779.00	 99.85
1780.00	 99.84
1781.00	 99.83
1782.00	 99.83
1783.00	 99.83
1784.00	 99.84
1785.00	 99.84
1786.00	 99.84
1787.00	 99.84
1788.00	 99.84
1789.00	 99.84
1790.00	 99.84
1791.00	 99.84
1792.00	 99.85
1793.00	 99.85
1794.00	 99.85
1795.00	 99.85
1796.00	 99.84
1797.00	 99.83
1798.00	 99.83
1799.00	 99.82
1800.00	 99.82
1801.00	 99.81
1802.00	 99.82
1803.00	 99.84
1804.00	 99.86
1805.00	 99.87
1806.00	 99.88
1807.00	 99.89
1808.00	 99.89
1809.00	 99.89
1810.00	 99.90
1811.00	 99.90
1812.00	 99.90
1813.00	 99.91
1814.00	 99.92
1815.00	 99.93
1816.00	 99.93
1817.00	 99.92
1818.00	 99.91
1819.00	 99.90
1820.00	 99.88
1821.00	 99.88
1822.00	 99.87
1823.00	 99.87
1824.00	 99.86
1825.00	 99.86
1826.00	 99.86
1827.00	 99.87
1828.00	 99.87
1829.00	 99.88
1830.00	 99.88
1831.00	 99.88
1832.00	 99.87
1833.00	 99.87
1834.00	 99.88
1835.00	 99.89
1836.00	 99.89
1837.00	 99.89
1838.00	 99.89
1839.00	 99.88
1840.00	 99.87
1841.00	 99.86
1842.00	 99.85
1843.00	 99.84
1844.00	 99.84
1845.00	 99.85
1846.00	 99.85
1847.00	 99.86
1848.00	 99.87
1849.00	 99.87
1850.00	 99.87
1851.00	 99.87
1852.00	 99.86
1853.00	 99.85
1854.00	 99.86
1855.00	 99.87
1856.00	 99.88
1857.00	 99.90
1858.00	 99.92
1859.00	 99.92
1860.00	 99.92
1861.00	 99.92
1862.00	 99.92
1863.00	 99.92
1864.00	 99.93
1865.00	 99.94
1866.00	 99.94
1867.00	 99.93
1868.00	 99.92
1869.00	 99.90
1870.00	 99.90
1871.00	 99.89
1872.00	 99.88
1873.00	 99.88
1874.00	 99.89
1875.00	 99.89
1876.00	 99.89
1877.00	 99.90
1878.00	 99.91
1879.00	 99.91
1880.00	 99.91
1881.00	 99.90
1882.00	 99.88
1883.00	 99.88
1884.00	 99.88
1885.00	 99.89
1886.00	 99.90
1887.00	 99.90
1888.00	 99.90
1889.00	 99.89
1890.00	 99.88
1891.00	 99.89
1892.00	 99.90
1893.00	 99.91
1894.00	 99.91
1895.00	 99.90
1896.00	 99.89
1897.00	 99.88
1898.00	 99.89
1899.00	 99.89
1900.00	 99.90
1901.00	 99.90
1902.00	 99.90
1903.00	 99.90
1904.00	 99.90
1905.00	 99.91
1906.00	 99.93
1907.00	 99.95
1908.00	 99.96
1909.00	 99.96
1910.00	 99.95
1911.00	 99.93
1912.00	 99.90
1913.00	 99.89
1914.00	 99.88
1915.00	 99.89
1916.00	 99.89
1917.00	 99.90
1918.00	 99.92
1919.00	 99.93
1920.00	 99.95
1921.00	 99.96
1922.00	 99.97
1923.00	 99.98
1924.00	 99.98
1925.00	 99.98
1926.00	 99.99
1927.00	 99.99
1928.00	 99.99
1929.00	 99.99
1930.00	 99.98
1931.00	 99.97
1932.00	 99.94
1933.00	 99.91
1934.00	 99.89
1935.00	 99.88
1936.00	 99.89
1937.00	 99.91
1938.00	 99.94
1939.00	 99.97
1940.00	 99.99
1941.00	 99.99
1942.00	 99.98
1943.00	 99.97
1944.00	 99.98
1945.00	 99.97
1946.00	 99.96
1947.00	 99.95
1948.00	 99.94
1949.00	 99.96
1950.00	 99.99
1951.00	 100.01
1952.00	 100.01
1953.00	 100.01
1954.00	 100.02
1955.00	 100.04
1956.00	 100.05
1957.00	 100.04
1958.00	 100.01
1959.00	 99.96
1960.00	 99.93
1961.00	 99.92
1962.00	 99.94
1963.00	 99.97
1964.00	 99.99
1965.00	 100.00
1966.00	 99.99
1967.00	 99.98
1968.00	 99.98
1969.00	 99.98
1970.00	 99.98
1971.00	 99.99
1972.00	 100.03
1973.00	 100.06
1974.00	 100.05
1975.00	 100.02
1976.00	 99.97
1977.00	 99.93
1978.00	 99.87
1979.00	 99.80
1980.00	 99.75
1981.00	 99.74
1982.00	 99.78
1983.00	 99.84
1984.00	 99.90
1985.00	 99.94
1986.00	 99.95
1987.00	 99.93
1988.00	 99.89
1989.00	 99.85
1990.00	 99.83
1991.00	 99.82
1992.00	 99.82
1993.00	 99.83
1994.00	 99.84
1995.00	 99.83
1996.00	 99.82
1997.00	 99.82
1998.00	 99.84
1999.00	 99.86
2000.00	 99.88
2001.00	 99.87
2002.00	 99.87
2003.00	 99.87
2004.00	 99.89
2005.00	 99.93
2006.00	 99.94
2007.00	 99.91
2008.00	 99.89
2009.00	 99.89
2010.00	 99.91
2011.00	 99.93
2012.00	 99.93
2013.00	 99.91
2014.00	 99.89
2015.00	 99.87
2016.00	 99.86
2017.00	 99.86
2018.00	 99.88
2019.00	 99.90
2020.00	 99.92
2021.00	 99.92
2022.00	 99.93
2023.00	 99.94
2024.00	 99.95
2025.00	 99.95
2026.00	 99.95
2027.00	 99.94
2028.00	 99.92
2029.00	 99.90
2030.00	 99.87
2031.00	 99.84
2032.00	 99.82
2033.00	 99.81
2034.00	 99.78
2035.00	 99.73
2036.00	 99.70
2037.00	 99.72
2038.00	 99.77
2039.00	 99.82
2040.00	 99.86
2041.00	 99.87
2042.00	 99.86
2043.00	 99.85
2044.00	 99.84
2045.00	 99.84
2046.00	 99.84
2047.00	 99.83
2048.00	 99.80
2049.00	 99.79
2050.00	 99.78
2051.00	 99.79
2052.00	 99.80
2053.00	 99.83
2054.00	 99.85
2055.00	 99.85
2056.00	 99.84
2057.00	 99.84
2058.00	 99.85
2059.00	 99.86
2060.00	 99.86
2061.00	 99.87
2062.00	 99.90
2063.00	 99.91
2064.00	 99.92
2065.00	 99.91
2066.00	 99.89
2067.00	 99.88
2068.00	 99.87
2069.00	 99.87
2070.00	 99.86
2071.00	 99.84
2072.00	 99.83
2073.00	 99.82
2074.00	 99.83
2075.00	 99.83
2076.00	 99.83
2077.00	 99.81
2078.00	 99.81
2079.00	 99.83
2080.00	 99.84
2081.00	 99.85
2082.00	 99.85
2083.00	 99.83
2084.00	 99.82
2085.00	 99.81
2086.00	 99.82
2087.00	 99.83
2088.00	 99.84
2089.00	 99.85
2090.00	 99.86
2091.00	 99.88
2092.00	 99.90
2093.00	 99.92
2094.00	 99.93
2095.00	 99.93
2096.00	 99.91
2097.00	 99.89
2098.00	 99.88
2099.00	 99.88
2100.00	 99.89
2101.00	 99.89
2102.00	 99.89
2103.00	 99.88
2104.00	 99.88
2105.00	 99.89
2106.00	 99.89
2107.00	 99.88
2108.00	 99.87
2109.00	 99.86
2110.00	 99.86
2111.00	 99.86
2112.00	 99.86
2113.00	 99.84
2114.00	 99.82
2115.00	 99.80
2116.00	 99.81
2117.00	 99.84
2118.00	 99.88
2119.00	 99.91
2120.00	 99.91
2121.00	 99.90
2122.00	 99.89
2123.00	 99.90
2124.00	 99.91
2125.00	 99.92
2126.00	 99.95
2127.00	 99.99
2128.00	 100.02
2129.00	 100.04
2130.00	 100.04
2131.00	 100.03
2132.00	 100.03
2133.00	 100.05
2134.00	 100.08
2135.00	 100.11
2136.00	 100.12
2137.00	 100.11
2138.00	 100.09
2139.00	 100.07
2140.00	 100.07
2141.00	 100.07
2142.00	 100.07
2143.00	 100.06
2144.00	 100.05
2145.00	 100.03
2146.00	 100.01
2147.00	 99.98
2148.00	 99.95
2149.00	 99.93
2150.00	 99.93
2151.00	 99.95
2152.00	 99.98
2153.00	 100.00
2154.00	 100.02
2155.00	 100.02
2156.00	 100.05
2157.00	 100.10
2158.00	 100.12
2159.00	 100.08
2160.00	 99.96
2161.00	 99.83
2162.00	 99.76
2163.00	 99.76
2164.00	 99.78
2165.00	 99.79
2166.00	 99.77
2167.00	 99.73
2168.00	 99.70
2169.00	 99.70
2170.00	 99.72
2171.00	 99.73
2172.00	 99.73
2173.00	 99.73
2174.00	 99.73
2175.00	 99.74
2176.00	 99.75
2177.00	 99.75
2178.00	 99.76
2179.00	 99.77
2180.00	 99.81
2181.00	 99.87
2182.00	 99.91
2183.00	 99.92
2184.00	 99.92
2185.00	 99.91
2186.00	 99.90
2187.00	 99.87
2188.00	 99.84
2189.00	 99.81
2190.00	 99.80
2191.00	 99.78
2192.00	 99.76
2193.00	 99.73
2194.00	 99.71
2195.00	 99.69
2196.00	 99.67
2197.00	 99.66
2198.00	 99.66
2199.00	 99.69
2200.00	 99.75
2201.00	 99.80
2202.00	 99.85
2203.00	 99.86
2204.00	 99.84
2205.00	 99.82
2206.00	 99.80
2207.00	 99.79
2208.00	 99.79
2209.00	 99.80
2210.00	 99.81
2211.00	 99.79
2212.00	 99.77
2213.00	 99.75
2214.00	 99.75
2215.00	 99.78
2216.00	 99.79
2217.00	 99.79
2218.00	 99.76
2219.00	 99.73
2220.00	 99.72
2221.00	 99.71
2222.00	 99.71
2223.00	 99.71
2224.00	 99.72
2225.00	 99.74
2226.00	 99.78
2227.00	 99.80
2228.00	 99.82
2229.00	 99.83
2230.00	 99.83
2231.00	 99.82
2232.00	 99.80
2233.00	 99.79
2234.00	 99.79
2235.00	 99.79
2236.00	 99.78
2237.00	 99.77
2238.00	 99.76
2239.00	 99.76
2240.00	 99.78
2241.00	 99.80
2242.00	 99.81
2243.00	 99.80
2244.00	 99.79
2245.00	 99.78
2246.00	 99.78
2247.00	 99.79
2248.00	 99.81
2249.00	 99.81
2250.00	 99.81
2251.00	 99.79
2252.00	 99.78
2253.00	 99.77
2254.00	 99.77
2255.00	 99.77
2256.00	 99.77
2257.00	 99.75
2258.00	 99.73
2259.00	 99.72
2260.00	 99.70
2261.00	 99.71
2262.00	 99.73
2263.00	 99.75
2264.00	 99.76
2265.00	 99.76
2266.00	 99.76
2267.00	 99.74
2268.00	 99.73
2269.00	 99.73
2270.00	 99.75
2271.00	 99.77
2272.00	 99.78
2273.00	 99.78
2274.00	 99.77
2275.00	 99.76
2276.00	 99.74
2277.00	 99.73
2278.00	 99.73
2279.00	 99.73
2280.00	 99.72
2281.00	 99.70
2282.00	 99.68
2283.00	 99.67
2284.00	 99.66
2285.00	 99.66
2286.00	 99.66
2287.00	 99.67
2288.00	 99.68
2289.00	 99.69
2290.00	 99.69
2291.00	 99.69
2292.00	 99.69
2293.00	 99.69
2294.00	 99.70
2295.00	 99.71
2296.00	 99.72
2297.00	 99.73
2298.00	 99.74
2299.00	 99.75
2300.00	 99.77
2301.00	 99.78
2302.00	 99.78
2303.00	 99.78
2304.00	 99.77
2305.00	 99.77
2306.00	 99.76
2307.00	 99.76
2308.00	 99.76
2309.00	 99.75
2310.00	 99.74
2311.00	 99.72
2312.00	 99.70
2313.00	 99.68
2314.00	 99.68
2315.00	 99.68
2316.00	 99.68
2317.00	 99.70
2318.00	 99.71
2319.00	 99.71
2320.00	 99.70
2321.00	 99.69
2322.00	 99.66
2323.00	 99.62
2324.00	 99.59
2325.00	 99.58
2326.00	 99.59
2327.00	 99.64
2328.00	 99.69
2329.00	 99.73
2330.00	 99.75
2331.00	 99.76
2332.00	 99.75
2333.00	 99.74
2334.00	 99.73
2335.00	 99.73
2336.00	 99.74
2337.00	 99.74
2338.00	 99.74
2339.00	 99.75
2340.00	 99.75
2341.00	 99.77
2342.00	 99.80
2343.00	 99.84
2344.00	 99.87
2345.00	 99.86
2346.00	 99.83
2347.00	 99.80
2348.00	 99.78
2349.00	 99.78
2350.00	 99.79
2351.00	 99.79
2352.00	 99.78
2353.00	 99.77
2354.00	 99.78
2355.00	 99.79
2356.00	 99.80
2357.00	 99.80
2358.00	 99.80
2359.00	 99.79
2360.00	 99.79
2361.00	 99.81
2362.00	 99.84
2363.00	 99.86
2364.00	 99.86
2365.00	 99.84
2366.00	 99.82
2367.00	 99.81
2368.00	 99.82
2369.00	 99.82
2370.00	 99.82
2371.00	 99.81
2372.00	 99.80
2373.00	 99.81
2374.00	 99.83
2375.00	 99.84
2376.00	 99.85
2377.00	 99.85
2378.00	 99.84
2379.00	 99.84
2380.00	 99.83
2381.00	 99.82
2382.00	 99.81
2383.00	 99.80
2384.00	 99.80
2385.00	 99.81
2386.00	 99.80
2387.00	 99.80
2388.00	 99.79
2389.00	 99.79
2390.00	 99.78
2391.00	 99.78
2392.00	 99.79
2393.00	 99.80
2394.00	 99.81
2395.00	 99.82
2396.00	 99.81
2397.00	 99.81
2398.00	 99.80
2399.00	 99.80
2400.00	 99.79
2401.00	 99.78
2402.00	 99.78
2403.00	 99.77
2404.00	 99.77
2405.00	 99.78
2406.00	 99.78
2407.00	 99.78
2408.00	 99.77
2409.00	 99.76
2410.00	 99.76
2411.00	 99.75
2412.00	 99.76
2413.00	 99.77
2414.00	 99.77
2415.00	 99.78
2416.00	 99.78
2417.00	 99.79
2418.00	 99.80
2419.00	 99.80
2420.00	 99.80
2421.00	 99.80
2422.00	 99.79
2423.00	 99.78
2424.00	 99.76
2425.00	 99.76
2426.00	 99.75
2427.00	 99.76
2428.00	 99.76
2429.00	 99.76
2430.00	 99.76
2431.00	 99.77
2432.00	 99.78
2433.00	 99.78
2434.00	 99.79
2435.00	 99.78
2436.00	 99.77
2437.00	 99.75
2438.00	 99.74
2439.00	 99.74
2440.00	 99.74
2441.00	 99.74
2442.00	 99.74
2443.00	 99.74
2444.00	 99.75
2445.00	 99.76
2446.00	 99.77
2447.00	 99.77
2448.00	 99.77
2449.00	 99.77
2450.00	 99.77
2451.00	 99.77
2452.00	 99.78
2453.00	 99.78
2454.00	 99.78
2455.00	 99.76
2456.00	 99.75
2457.00	 99.74
2458.00	 99.74
2459.00	 99.75
2460.00	 99.75
2461.00	 99.75
2462.00	 99.73
2463.00	 99.72
2464.00	 99.72
2465.00	 99.72
2466.00	 99.73
2467.00	 99.74
2468.00	 99.74
2469.00	 99.75
2470.00	 99.76
2471.00	 99.76
2472.00	 99.76
2473.00	 99.75
2474.00	 99.75
2475.00	 99.75
2476.00	 99.75
2477.00	 99.74
2478.00	 99.73
2479.00	 99.72
2480.00	 99.71
2481.00	 99.71
2482.00	 99.71
2483.00	 99.71
2484.00	 99.72
2485.00	 99.72
2486.00	 99.73
2487.00	 99.74
2488.00	 99.74
2489.00	 99.74
2490.00	 99.74
2491.00	 99.74
2492.00	 99.73
2493.00	 99.73
2494.00	 99.72
2495.00	 99.73
2496.00	 99.74
2497.00	 99.74
2498.00	 99.74
2499.00	 99.73
2500.00	 99.72
2501.00	 99.72
2502.00	 99.73
2503.00	 99.74
2504.00	 99.74
2505.00	 99.73
2506.00	 99.72
2507.00	 99.71
2508.00	 99.72
2509.00	 99.72
2510.00	 99.73
2511.00	 99.74
2512.00	 99.74
2513.00	 99.73
2514.00	 99.73
2515.00	 99.73
2516.00	 99.73
2517.00	 99.73
2518.00	 99.72
2519.00	 99.72
2520.00	 99.72
2521.00	 99.72
2522.00	 99.72
2523.00	 99.71
2524.00	 99.69
2525.00	 99.69
2526.00	 99.69
2527.00	 99.70
2528.00	 99.72
2529.00	 99.73
2530.00	 99.73
2531.00	 99.73
2532.00	 99.72
2533.00	 99.71
2534.00	 99.70
2535.00	 99.69
2536.00	 99.69
2537.00	 99.69
2538.00	 99.69
2539.00	 99.69
2540.00	 99.68
2541.00	 99.68
2542.00	 99.68
2543.00	 99.67
2544.00	 99.66
2545.00	 99.66
2546.00	 99.66
2547.00	 99.67
2548.00	 99.67
2549.00	 99.67
2550.00	 99.66
2551.00	 99.65
2552.00	 99.64
2553.00	 99.64
2554.00	 99.64
2555.00	 99.64
2556.00	 99.65
2557.00	 99.66
2558.00	 99.65
2559.00	 99.65
2560.00	 99.64
2561.00	 99.64
2562.00	 99.64
2563.00	 99.64
2564.00	 99.64
2565.00	 99.63
2566.00	 99.63
2567.00	 99.62
2568.00	 99.62
2569.00	 99.62
2570.00	 99.61
2571.00	 99.61
2572.00	 99.60
2573.00	 99.59
2574.00	 99.58
2575.00	 99.58
2576.00	 99.58
2577.00	 99.57
2578.00	 99.56
2579.00	 99.55
2580.00	 99.55
2581.00	 99.55
2582.00	 99.55
2583.00	 99.56
2584.00	 99.57
2585.00	 99.58
2586.00	 99.59
2587.00	 99.59
2588.00	 99.59
2589.00	 99.59
2590.00	 99.59
2591.00	 99.59
2592.00	 99.60
2593.00	 99.60
2594.00	 99.59
2595.00	 99.58
2596.00	 99.58
2597.00	 99.59
2598.00	 99.60
2599.00	 99.60
2600.00	 99.60
2601.00	 99.60
2602.00	 99.59
2603.00	 99.58
2604.00	 99.57
2605.00	 99.56
2606.00	 99.56
2607.00	 99.56
2608.00	 99.56
2609.00	 99.55
2610.00	 99.55
2611.00	 99.55
2612.00	 99.55
2613.00	 99.56
2614.00	 99.56
2615.00	 99.55
2616.00	 99.54
2617.00	 99.54
2618.00	 99.53
2619.00	 99.52
2620.00	 99.52
2621.00	 99.52
2622.00	 99.52
2623.00	 99.53
2624.00	 99.54
2625.00	 99.54
2626.00	 99.55
2627.00	 99.55
2628.00	 99.55
2629.00	 99.56
2630.00	 99.56
2631.00	 99.55
2632.00	 99.54
2633.00	 99.54
2634.00	 99.53
2635.00	 99.52
2636.00	 99.52
2637.00	 99.52
2638.00	 99.52
2639.00	 99.52
2640.00	 99.52
2641.00	 99.52
2642.00	 99.53
2643.00	 99.53
2644.00	 99.53
2645.00	 99.53
2646.00	 99.52
2647.00	 99.51
2648.00	 99.51
2649.00	 99.51
2650.00	 99.51
2651.00	 99.50
2652.00	 99.50
2653.00	 99.49
2654.00	 99.48
2655.00	 99.48
2656.00	 99.48
2657.00	 99.49
2658.00	 99.50
2659.00	 99.50
2660.00	 99.51
2661.00	 99.51
2662.00	 99.51
2663.00	 99.52
2664.00	 99.52
2665.00	 99.52
2666.00	 99.52
2667.00	 99.52
2668.00	 99.52
2669.00	 99.53
2670.00	 99.53
2671.00	 99.54
2672.00	 99.54
2673.00	 99.54
2674.00	 99.53
2675.00	 99.53
2676.00	 99.52
2677.00	 99.52
2678.00	 99.52
2679.00	 99.53
2680.00	 99.53
2681.00	 99.54
2682.00	 99.54
2683.00	 99.54
2684.00	 99.54
2685.00	 99.54
2686.00	 99.54
2687.00	 99.54
2688.00	 99.54
2689.00	 99.54
2690.00	 99.54
2691.00	 99.53
2692.00	 99.53
2693.00	 99.53
2694.00	 99.52
2695.00	 99.52
2696.00	 99.52
2697.00	 99.53
2698.00	 99.53
2699.00	 99.52
2700.00	 99.52
2701.00	 99.51
2702.00	 99.51
2703.00	 99.50
2704.00	 99.49
2705.00	 99.49
2706.00	 99.48
2707.00	 99.48
2708.00	 99.47
2709.00	 99.47
2710.00	 99.46
2711.00	 99.45
2712.00	 99.44
2713.00	 99.43
2714.00	 99.42
2715.00	 99.41
2716.00	 99.40
2717.00	 99.39
2718.00	 99.37
2719.00	 99.35
2720.00	 99.34
2721.00	 99.33
2722.00	 99.32
2723.00	 99.32
2724.00	 99.32
2725.00	 99.32
2726.00	 99.33
2727.00	 99.34
2728.00	 99.36
2729.00	 99.37
2730.00	 99.38
2731.00	 99.40
2732.00	 99.41
2733.00	 99.42
2734.00	 99.42
2735.00	 99.43
2736.00	 99.44
2737.00	 99.45
2738.00	 99.46
2739.00	 99.47
2740.00	 99.47
2741.00	 99.48
2742.00	 99.48
2743.00	 99.48
2744.00	 99.48
2745.00	 99.48
2746.00	 99.48
2747.00	 99.47
2748.00	 99.47
2749.00	 99.48
2750.00	 99.48
2751.00	 99.49
2752.00	 99.49
2753.00	 99.50
2754.00	 99.50
2755.00	 99.50
2756.00	 99.49
2757.00	 99.48
2758.00	 99.47
2759.00	 99.47
2760.00	 99.46
2761.00	 99.46
2762.00	 99.46
2763.00	 99.46
2764.00	 99.46
2765.00	 99.46
2766.00	 99.46
2767.00	 99.45
2768.00	 99.45
2769.00	 99.45
2770.00	 99.45
2771.00	 99.45
2772.00	 99.45
2773.00	 99.45
2774.00	 99.45
2775.00	 99.45
2776.00	 99.44
2777.00	 99.43
2778.00	 99.42
2779.00	 99.41
2780.00	 99.39
2781.00	 99.38
2782.00	 99.37
2783.00	 99.36
2784.00	 99.35
2785.00	 99.34
2786.00	 99.32
2787.00	 99.31
2788.00	 99.29
2789.00	 99.27
2790.00	 99.25
2791.00	 99.23
2792.00	 99.21
2793.00	 99.20
2794.00	 99.19
2795.00	 99.17
2796.00	 99.16
2797.00	 99.15
2798.00	 99.15
2799.00	 99.14
2800.00	 99.12
2801.00	 99.10
2802.00	 99.07
2803.00	 99.04
2804.00	 99.00
2805.00	 98.97
2806.00	 98.94
2807.00	 98.91
2808.00	 98.88
2809.00	 98.86
2810.00	 98.84
2811.00	 98.81
2812.00	 98.78
2813.00	 98.74
2814.00	 98.71
2815.00	 98.68
2816.00	 98.65
2817.00	 98.61
2818.00	 98.56
2819.00	 98.50
2820.00	 98.44
2821.00	 98.37
2822.00	 98.30
2823.00	 98.21
2824.00	 98.11
2825.00	 98.00
2826.00	 97.85
2827.00	 97.67
2828.00	 97.46
2829.00	 97.20
2830.00	 96.90
2831.00	 96.54
2832.00	 96.15
2833.00	 95.74
2834.00	 95.35
2835.00	 95.02
2836.00	 94.77
2837.00	 94.63
2838.00	 94.59
2839.00	 94.66
2840.00	 94.80
2841.00	 94.99
2842.00	 95.22
2843.00	 95.46
2844.00	 95.68
2845.00	 95.89
2846.00	 96.06
2847.00	 96.20
2848.00	 96.31
2849.00	 96.39
2850.00	 96.46
2851.00	 96.52
2852.00	 96.57
2853.00	 96.61
2854.00	 96.63
2855.00	 96.63
2856.00	 96.60
2857.00	 96.53
2858.00	 96.42
2859.00	 96.24
2860.00	 96.01
2861.00	 95.72
2862.00	 95.40
2863.00	 95.08
2864.00	 94.78
2865.00	 94.55
2866.00	 94.40
2867.00	 94.33
2868.00	 94.33
2869.00	 94.37
2870.00	 94.43
2871.00	 94.49
2872.00	 94.53
2873.00	 94.54
2874.00	 94.53
2875.00	 94.51
2876.00	 94.50
2877.00	 94.51
2878.00	 94.55
2879.00	 94.62
2880.00	 94.71
2881.00	 94.81
2882.00	 94.90
2883.00	 94.97
2884.00	 95.03
2885.00	 95.07
2886.00	 95.10
2887.00	 95.11
2888.00	 95.12
2889.00	 95.10
2890.00	 95.07
2891.00	 95.02
2892.00	 94.95
2893.00	 94.86
2894.00	 94.74
2895.00	 94.60
2896.00	 94.44
2897.00	 94.26
2898.00	 94.06
2899.00	 93.85
2900.00	 93.63
2901.00	 93.40
2902.00	 93.17
2903.00	 92.95
2904.00	 92.72
2905.00	 92.50
2906.00	 92.29
2907.00	 92.08
2908.00	 91.87
2909.00	 91.66
2910.00	 91.43
2911.00	 91.19
2912.00	 90.93
2913.00	 90.67
2914.00	 90.43
2915.00	 90.24
2916.00	 90.10
2917.00	 90.05
2918.00	 90.07
2919.00	 90.17
2920.00	 90.32
2921.00	 90.51
2922.00	 90.72
2923.00	 90.94
2924.00	 91.18
2925.00	 91.44
2926.00	 91.72
2927.00	 92.03
2928.00	 92.35
2929.00	 92.68
2930.00	 93.02
2931.00	 93.37
2932.00	 93.70
2933.00	 94.02
2934.00	 94.31
2935.00	 94.56
2936.00	 94.76
2937.00	 94.90
2938.00	 94.98
2939.00	 94.98
2940.00	 94.90
2941.00	 94.74
2942.00	 94.49
2943.00	 94.15
2944.00	 93.76
2945.00	 93.34
2946.00	 92.94
2947.00	 92.60
2948.00	 92.34
2949.00	 92.19
2950.00	 92.14
2951.00	 92.19
2952.00	 92.31
2953.00	 92.47
2954.00	 92.65
2955.00	 92.81
2956.00	 92.96
2957.00	 93.11
2958.00	 93.24
2959.00	 93.40
2960.00	 93.57
2961.00	 93.78
2962.00	 94.04
2963.00	 94.33
2964.00	 94.66
2965.00	 95.00
2966.00	 95.35
2967.00	 95.69
2968.00	 96.02
2969.00	 96.34
2970.00	 96.64
2971.00	 96.92
2972.00	 97.18
2973.00	 97.41
2974.00	 97.62
2975.00	 97.80
2976.00	 97.97
2977.00	 98.12
2978.00	 98.26
2979.00	 98.38
2980.00	 98.49
2981.00	 98.60
2982.00	 98.68
2983.00	 98.75
2984.00	 98.81
2985.00	 98.87
2986.00	 98.93
2987.00	 98.98
2988.00	 99.03
2989.00	 99.07
2990.00	 99.10
2991.00	 99.13
2992.00	 99.16
2993.00	 99.19
2994.00	 99.22
2995.00	 99.24
2996.00	 99.26
2997.00	 99.27
2998.00	 99.28
2999.00	 99.29
3000.00	 99.29
3001.00	 99.31
3002.00	 99.32
3003.00	 99.32
3004.00	 99.33
3005.00	 99.34
3006.00	 99.35
3007.00	 99.36
3008.00	 99.37
3009.00	 99.38
3010.00	 99.39
3011.00	 99.40
3012.00	 99.41
3013.00	 99.42
3014.00	 99.43
3015.00	 99.44
3016.00	 99.45
3017.00	 99.45
3018.00	 99.46
3019.00	 99.46
3020.00	 99.46
3021.00	 99.46
3022.00	 99.47
3023.00	 99.48
3024.00	 99.49
3025.00	 99.50
3026.00	 99.50
3027.00	 99.51
3028.00	 99.51
3029.00	 99.51
3030.00	 99.52
3031.00	 99.52
3032.00	 99.53
3033.00	 99.52
3034.00	 99.52
3035.00	 99.51
3036.00	 99.51
3037.00	 99.51
3038.00	 99.51
3039.00	 99.52
3040.00	 99.52
3041.00	 99.53
3042.00	 99.53
3043.00	 99.54
3044.00	 99.54
3045.00	 99.54
3046.00	 99.54
3047.00	 99.54
3048.00	 99.53
3049.00	 99.52
3050.00	 99.52
3051.00	 99.52
3052.00	 99.52
3053.00	 99.52
3054.00	 99.53
3055.00	 99.53
3056.00	 99.53
3057.00	 99.53
3058.00	 99.53
3059.00	 99.53
3060.00	 99.53
3061.00	 99.53
3062.00	 99.53
3063.00	 99.53
3064.00	 99.53
3065.00	 99.53
3066.00	 99.53
3067.00	 99.53
3068.00	 99.54
3069.00	 99.54
3070.00	 99.54
3071.00	 99.54
3072.00	 99.54
3073.00	 99.53
3074.00	 99.53
3075.00	 99.52
3076.00	 99.52
3077.00	 99.52
3078.00	 99.52
3079.00	 99.53
3080.00	 99.54
3081.00	 99.54
3082.00	 99.55
3083.00	 99.54
3084.00	 99.54
3085.00	 99.53
3086.00	 99.53
3087.00	 99.53
3088.00	 99.53
3089.00	 99.53
3090.00	 99.54
3091.00	 99.54
3092.00	 99.55
3093.00	 99.55
3094.00	 99.54
3095.00	 99.54
3096.00	 99.54
3097.00	 99.53
3098.00	 99.53
3099.00	 99.53
3100.00	 99.53
3101.00	 99.52
3102.00	 99.52
3103.00	 99.52
3104.00	 99.53
3105.00	 99.53
3106.00	 99.53
3107.00	 99.53
3108.00	 99.53
3109.00	 99.53
3110.00	 99.54
3111.00	 99.54
3112.00	 99.54
3113.00	 99.54
3114.00	 99.53
3115.00	 99.52
3116.00	 99.52
3117.00	 99.51
3118.00	 99.51
3119.00	 99.52
3120.00	 99.52
3121.00	 99.53
3122.00	 99.53
3123.00	 99.53
3124.00	 99.53
3125.00	 99.52
3126.00	 99.52
3127.00	 99.52
3128.00	 99.52
3129.00	 99.52
3130.00	 99.51
3131.00	 99.51
3132.00	 99.50
3133.00	 99.50
3134.00	 99.49
3135.00	 99.49
3136.00	 99.49
3137.00	 99.48
3138.00	 99.49
3139.00	 99.49
3140.00	 99.49
3141.00	 99.49
3142.00	 99.49
3143.00	 99.49
3144.00	 99.49
3145.00	 99.48
3146.00	 99.48
3147.00	 99.48
3148.00	 99.48
3149.00	 99.48
3150.00	 99.48
3151.00	 99.48
3152.00	 99.47
3153.00	 99.47
3154.00	 99.47
3155.00	 99.47
3156.00	 99.48
3157.00	 99.48
3158.00	 99.48
3159.00	 99.48
3160.00	 99.48
3161.00	 99.48
3162.00	 99.47
3163.00	 99.46
3164.00	 99.46
3165.00	 99.46
3166.00	 99.46
3167.00	 99.46
3168.00	 99.46
3169.00	 99.46
3170.00	 99.47
3171.00	 99.47
3172.00	 99.47
3173.00	 99.46
3174.00	 99.46
3175.00	 99.46
3176.00	 99.46
3177.00	 99.46
3178.00	 99.46
3179.00	 99.46
3180.00	 99.47
3181.00	 99.47
3182.00	 99.47
3183.00	 99.46
3184.00	 99.45
3185.00	 99.45
3186.00	 99.44
3187.00	 99.44
3188.00	 99.44
3189.00	 99.44
3190.00	 99.43
3191.00	 99.43
3192.00	 99.43
3193.00	 99.43
3194.00	 99.43
3195.00	 99.43
3196.00	 99.43
3197.00	 99.43
3198.00	 99.43
3199.00	 99.43
3200.00	 99.42
3201.00	 99.42
3202.00	 99.42
3203.00	 99.43
3204.00	 99.43
3205.00	 99.42
3206.00	 99.42
3207.00	 99.42
3208.00	 99.42
3209.00	 99.41
3210.00	 99.41
3211.00	 99.41
3212.00	 99.41
3213.00	 99.42
3214.00	 99.43
3215.00	 99.43
3216.00	 99.44
3217.00	 99.45
3218.00	 99.45
3219.00	 99.45
3220.00	 99.45
3221.00	 99.44
3222.00	 99.44
3223.00	 99.44
3224.00	 99.44
3225.00	 99.44
3226.00	 99.44
3227.00	 99.44
3228.00	 99.43
3229.00	 99.43
3230.00	 99.43
3231.00	 99.43
3232.00	 99.42
3233.00	 99.42
3234.00	 99.42
3235.00	 99.43
3236.00	 99.44
3237.00	 99.44
3238.00	 99.45
3239.00	 99.45
3240.00	 99.45
3241.00	 99.45
3242.00	 99.45
3243.00	 99.44
3244.00	 99.44
3245.00	 99.44
3246.00	 99.44
3247.00	 99.43
3248.00	 99.43
3249.00	 99.42
3250.00	 99.42
3251.00	 99.42
3252.00	 99.42
3253.00	 99.42
3254.00	 99.42
3255.00	 99.42
3256.00	 99.42
3257.00	 99.42
3258.00	 99.42
3259.00	 99.42
3260.00	 99.42
3261.00	 99.43
3262.00	 99.43
3263.00	 99.43
3264.00	 99.43
3265.00	 99.43
3266.00	 99.43
3267.00	 99.43
3268.00	 99.44
3269.00	 99.44
3270.00	 99.44
3271.00	 99.43
3272.00	 99.42
3273.00	 99.41
3274.00	 99.41
3275.00	 99.42
3276.00	 99.42
3277.00	 99.42
3278.00	 99.41
3279.00	 99.41
3280.00	 99.41
3281.00	 99.41
3282.00	 99.40
3283.00	 99.39
3284.00	 99.38
3285.00	 99.38
3286.00	 99.38
3287.00	 99.38
3288.00	 99.38
3289.00	 99.38
3290.00	 99.38
3291.00	 99.39
3292.00	 99.39
3293.00	 99.40
3294.00	 99.41
3295.00	 99.41
3296.00	 99.41
3297.00	 99.41
3298.00	 99.40
3299.00	 99.40
3300.00	 99.39
3301.00	 99.39
3302.00	 99.39
3303.00	 99.39
3304.00	 99.40
3305.00	 99.40
3306.00	 99.41
3307.00	 99.41
3308.00	 99.41
3309.00	 99.42
3310.00	 99.42
3311.00	 99.42
3312.00	 99.41
3313.00	 99.41
3314.00	 99.40
3315.00	 99.40
3316.00	 99.39
3317.00	 99.39
3318.00	 99.39
3319.00	 99.39
3320.00	 99.39
3321.00	 99.39
3322.00	 99.39
3323.00	 99.39
3324.00	 99.39
3325.00	 99.39
3326.00	 99.39
3327.00	 99.39
3328.00	 99.39
3329.00	 99.39
3330.00	 99.39
3331.00	 99.40
3332.00	 99.40
3333.00	 99.40
3334.00	 99.40
3335.00	 99.39
3336.00	 99.39
3337.00	 99.39
3338.00	 99.39
3339.00	 99.40
3340.00	 99.41
3341.00	 99.41
3342.00	 99.41
3343.00	 99.41
3344.00	 99.40
3345.00	 99.39
3346.00	 99.38
3347.00	 99.37
3348.00	 99.37
3349.00	 99.37
3350.00	 99.37
3351.00	 99.38
3352.00	 99.38
3353.00	 99.39
3354.00	 99.39
3355.00	 99.38
3356.00	 99.38
3357.00	 99.38
3358.00	 99.38
3359.00	 99.38
3360.00	 99.39
3361.00	 99.39
3362.00	 99.40
3363.00	 99.40
3364.00	 99.40
3365.00	 99.40
3366.00	 99.40
3367.00	 99.40
3368.00	 99.40
3369.00	 99.41
3370.00	 99.42
3371.00	 99.43
3372.00	 99.43
3373.00	 99.43
3374.00	 99.42
3375.00	 99.42
3376.00	 99.42
3377.00	 99.42
3378.00	 99.42
3379.00	 99.41
3380.00	 99.41
3381.00	 99.40
3382.00	 99.40
3383.00	 99.40
3384.00	 99.39
3385.00	 99.39
3386.00	 99.40
3387.00	 99.40
3388.00	 99.41
3389.00	 99.42
3390.00	 99.43
3391.00	 99.43
3392.00	 99.43
3393.00	 99.43
3394.00	 99.42
3395.00	 99.41
3396.00	 99.40
3397.00	 99.39
3398.00	 99.39
3399.00	 99.40
3400.00	 99.41
3401.00	 99.42
3402.00	 99.42
3403.00	 99.41
3404.00	 99.40
3405.00	 99.39
3406.00	 99.39
3407.00	 99.38
3408.00	 99.39
3409.00	 99.39
3410.00	 99.39
3411.00	 99.40
3412.00	 99.40
3413.00	 99.40
3414.00	 99.40
3415.00	 99.41
3416.00	 99.41
3417.00	 99.42
3418.00	 99.42
3419.00	 99.42
3420.00	 99.41
3421.00	 99.41
3422.00	 99.40
3423.00	 99.41
3424.00	 99.41
3425.00	 99.42
3426.00	 99.43
3427.00	 99.43
3428.00	 99.43
3429.00	 99.42
3430.00	 99.42
3431.00	 99.41
3432.00	 99.41
3433.00	 99.42
3434.00	 99.42
3435.00	 99.43
3436.00	 99.43
3437.00	 99.43
3438.00	 99.43
3439.00	 99.43
3440.00	 99.43
3441.00	 99.43
3442.00	 99.42
3443.00	 99.41
3444.00	 99.41
3445.00	 99.41
3446.00	 99.42
3447.00	 99.41
3448.00	 99.41
3449.00	 99.42
3450.00	 99.42
3451.00	 99.42
3452.00	 99.42
3453.00	 99.41
3454.00	 99.40
3455.00	 99.40
3456.00	 99.40
3457.00	 99.41
3458.00	 99.42
3459.00	 99.43
3460.00	 99.44
3461.00	 99.45
3462.00	 99.45
3463.00	 99.44
3464.00	 99.43
3465.00	 99.42
3466.00	 99.41
3467.00	 99.41
3468.00	 99.41
3469.00	 99.43
3470.00	 99.44
3471.00	 99.45
3472.00	 99.45
3473.00	 99.45
3474.00	 99.45
3475.00	 99.44
3476.00	 99.44
3477.00	 99.44
3478.00	 99.44
3479.00	 99.44
3480.00	 99.43
3481.00	 99.42
3482.00	 99.42
3483.00	 99.42
3484.00	 99.43
3485.00	 99.44
3486.00	 99.45
3487.00	 99.45
3488.00	 99.45
3489.00	 99.45
3490.00	 99.45
3491.00	 99.45
3492.00	 99.46
3493.00	 99.46
3494.00	 99.46
3495.00	 99.46
3496.00	 99.47
3497.00	 99.48
3498.00	 99.49
3499.00	 99.50
3500.00	 99.51
3501.00	 99.51
3502.00	 99.51
3503.00	 99.50
3504.00	 99.49
3505.00	 99.48
3506.00	 99.48
3507.00	 99.47
3508.00	 99.47
3509.00	 99.47
3510.00	 99.47
3511.00	 99.49
3512.00	 99.50
3513.00	 99.50
3514.00	 99.50
3515.00	 99.49
3516.00	 99.49
3517.00	 99.48
3518.00	 99.48
3519.00	 99.48
3520.00	 99.49
3521.00	 99.49
3522.00	 99.49
3523.00	 99.48
3524.00	 99.47
3525.00	 99.46
3526.00	 99.45
3527.00	 99.46
3528.00	 99.46
3529.00	 99.47
3530.00	 99.48
3531.00	 99.49
3532.00	 99.50
3533.00	 99.50
3534.00	 99.50
3535.00	 99.49
3536.00	 99.49
3537.00	 99.49
3538.00	 99.49
3539.00	 99.50
3540.00	 99.50
3541.00	 99.51
3542.00	 99.51
3543.00	 99.51
3544.00	 99.51
3545.00	 99.51
3546.00	 99.52
3547.00	 99.53
3548.00	 99.54
3549.00	 99.55
3550.00	 99.55
3551.00	 99.55
3552.00	 99.54
3553.00	 99.54
3554.00	 99.54
3555.00	 99.54
3556.00	 99.53
3557.00	 99.53
3558.00	 99.52
3559.00	 99.51
3560.00	 99.50
3561.00	 99.49
3562.00	 99.49
3563.00	 99.50
3564.00	 99.50
3565.00	 99.50
3566.00	 99.50
3567.00	 99.50
3568.00	 99.51
3569.00	 99.53
3570.00	 99.54
3571.00	 99.55
3572.00	 99.55
3573.00	 99.55
3574.00	 99.55
3575.00	 99.54
3576.00	 99.54
3577.00	 99.54
3578.00	 99.55
3579.00	 99.55
3580.00	 99.55
3581.00	 99.54
3582.00	 99.53
3583.00	 99.53
3584.00	 99.54
3585.00	 99.54
3586.00	 99.55
3587.00	 99.54
3588.00	 99.54
3589.00	 99.54
3590.00	 99.55
3591.00	 99.55
3592.00	 99.55
3593.00	 99.55
3594.00	 99.55
3595.00	 99.55
3596.00	 99.55
3597.00	 99.55
3598.00	 99.55
3599.00	 99.54
3600.00	 99.53
3601.00	 99.53
3602.00	 99.54
3603.00	 99.55
3604.00	 99.56
3605.00	 99.56
3606.00	 99.56
3607.00	 99.56
3608.00	 99.56
3609.00	 99.56
3610.00	 99.57
3611.00	 99.57
3612.00	 99.56
3613.00	 99.55
3614.00	 99.55
3615.00	 99.56
3616.00	 99.58
3617.00	 99.59
3618.00	 99.59
3619.00	 99.59
3620.00	 99.59
3621.00	 99.60
3622.00	 99.60
3623.00	 99.59
3624.00	 99.58
3625.00	 99.58
3626.00	 99.59
3627.00	 99.60
3628.00	 99.60
3629.00	 99.60
3630.00	 99.61
3631.00	 99.62
3632.00	 99.62
3633.00	 99.59
3634.00	 99.57
3635.00	 99.56
3636.00	 99.56
3637.00	 99.56
3638.00	 99.56
3639.00	 99.56
3640.00	 99.56
3641.00	 99.56
3642.00	 99.56
3643.00	 99.56
3644.00	 99.57
3645.00	 99.57
3646.00	 99.57
3647.00	 99.57
3648.00	 99.56
3649.00	 99.57
3650.00	 99.59
3651.00	 99.62
3652.00	 99.63
3653.00	 99.64
3654.00	 99.63
3655.00	 99.61
3656.00	 99.58
3657.00	 99.57
3658.00	 99.58
3659.00	 99.58
3660.00	 99.58
3661.00	 99.58
3662.00	 99.56
3663.00	 99.55
3664.00	 99.55
3665.00	 99.55
3666.00	 99.56
3667.00	 99.58
3668.00	 99.59
3669.00	 99.59
3670.00	 99.60
3671.00	 99.61
3672.00	 99.64
3673.00	 99.65
3674.00	 99.63
3675.00	 99.59
3676.00	 99.58
3677.00	 99.60
3678.00	 99.61
3679.00	 99.60
3680.00	 99.57
3681.00	 99.55
3682.00	 99.54
3683.00	 99.53
3684.00	 99.53
3685.00	 99.54
3686.00	 99.56
3687.00	 99.58
3688.00	 99.59
3689.00	 99.60
3690.00	 99.61
3691.00	 99.61
3692.00	 99.59
3693.00	 99.58
3694.00	 99.56
3695.00	 99.55
3696.00	 99.55
3697.00	 99.55
3698.00	 99.56
3699.00	 99.57
3700.00	 99.58
3701.00	 99.58
3702.00	 99.57
3703.00	 99.57
3704.00	 99.57
3705.00	 99.57
3706.00	 99.56
3707.00	 99.57
3708.00	 99.57
3709.00	 99.57
3710.00	 99.57
3711.00	 99.56
3712.00	 99.56
3713.00	 99.57
3714.00	 99.57
3715.00	 99.57
3716.00	 99.55
3717.00	 99.54
3718.00	 99.53
3719.00	 99.54
3720.00	 99.54
3721.00	 99.55
3722.00	 99.54
3723.00	 99.54
3724.00	 99.53
3725.00	 99.52
3726.00	 99.52
3727.00	 99.52
3728.00	 99.54
3729.00	 99.56
3730.00	 99.57
3731.00	 99.58
3732.00	 99.58
3733.00	 99.58
3734.00	 99.57
3735.00	 99.57
3736.00	 99.57
3737.00	 99.58
3738.00	 99.58
3739.00	 99.56
3740.00	 99.55
3741.00	 99.55
3742.00	 99.57
3743.00	 99.56
3744.00	 99.54
3745.00	 99.53
3746.00	 99.55
3747.00	 99.57
3748.00	 99.58
3749.00	 99.58
3750.00	 99.58
3751.00	 99.59
3752.00	 99.60
3753.00	 99.61
3754.00	 99.60
3755.00	 99.58
3756.00	 99.57
3757.00	 99.56
3758.00	 99.55
3759.00	 99.55
3760.00	 99.55
3761.00	 99.55
3762.00	 99.55
3763.00	 99.55
3764.00	 99.53
3765.00	 99.52
3766.00	 99.52
3767.00	 99.53
3768.00	 99.54
3769.00	 99.54
3770.00	 99.52
3771.00	 99.52
3772.00	 99.52
3773.00	 99.53
3774.00	 99.53
3775.00	 99.54
3776.00	 99.54
3777.00	 99.55
3778.00	 99.54
3779.00	 99.54
3780.00	 99.54
3781.00	 99.55
3782.00	 99.55
3783.00	 99.54
3784.00	 99.53
3785.00	 99.52
3786.00	 99.53
3787.00	 99.53
3788.00	 99.54
3789.00	 99.55
3790.00	 99.54
3791.00	 99.53
3792.00	 99.53
3793.00	 99.53
3794.00	 99.54
3795.00	 99.54
3796.00	 99.53
3797.00	 99.53
3798.00	 99.54
3799.00	 99.56
3800.00	 99.56
3801.00	 99.55
3802.00	 99.55
3803.00	 99.58
3804.00	 99.60
3805.00	 99.59
3806.00	 99.57
3807.00	 99.54
3808.00	 99.53
3809.00	 99.54
3810.00	 99.53
3811.00	 99.52
3812.00	 99.52
3813.00	 99.52
3814.00	 99.53
3815.00	 99.53
3816.00	 99.53
3817.00	 99.54
3818.00	 99.57
3819.00	 99.57
3820.00	 99.55
3821.00	 99.53
3822.00	 99.54
3823.00	 99.56
3824.00	 99.56
3825.00	 99.55
3826.00	 99.53
3827.00	 99.52
3828.00	 99.52
3829.00	 99.52
3830.00	 99.53
3831.00	 99.54
3832.00	 99.55
3833.00	 99.56
3834.00	 99.57
3835.00	 99.58
3836.00	 99.59
3837.00	 99.58
3838.00	 99.58
3839.00	 99.57
3840.00	 99.57
3841.00	 99.56
3842.00	 99.55
3843.00	 99.54
3844.00	 99.53
3845.00	 99.53
3846.00	 99.53
3847.00	 99.53
3848.00	 99.52
3849.00	 99.53
3850.00	 99.55
3851.00	 99.57
3852.00	 99.58
3853.00	 99.57
3854.00	 99.58
3855.00	 99.60
3856.00	 99.60
3857.00	 99.57
3858.00	 99.55
3859.00	 99.54
3860.00	 99.53
3861.00	 99.54
3862.00	 99.54
3863.00	 99.53
3864.00	 99.52
3865.00	 99.51
3866.00	 99.53
3867.00	 99.55
3868.00	 99.55
3869.00	 99.54
3870.00	 99.53
3871.00	 99.54
3872.00	 99.55
3873.00	 99.55
3874.00	 99.53
3875.00	 99.52
3876.00	 99.53
3877.00	 99.55
3878.00	 99.56
3879.00	 99.55
3880.00	 99.53
3881.00	 99.52
3882.00	 99.52
3883.00	 99.53
3884.00	 99.53
3885.00	 99.52
3886.00	 99.51
3887.00	 99.53
3888.00	 99.54
3889.00	 99.55
3890.00	 99.53
3891.00	 99.51
3892.00	 99.49
3893.00	 99.49
3894.00	 99.50
3895.00	 99.51
3896.00	 99.52
3897.00	 99.53
3898.00	 99.54
3899.00	 99.54
3900.00	 99.54
3901.00	 99.56
3902.00	 99.57
3903.00	 99.57
3904.00	 99.56
3905.00	 99.53
3906.00	 99.50
3907.00	 99.48
3908.00	 99.47
3909.00	 99.48
3910.00	 99.48
3911.00	 99.49
3912.00	 99.48
3913.00	 99.48
3914.00	 99.49
3915.00	 99.51
3916.00	 99.52
3917.00	 99.54
3918.00	 99.54
3919.00	 99.54
3920.00	 99.54
3921.00	 99.54
3922.00	 99.53
3923.00	 99.52
3924.00	 99.50
3925.00	 99.49
3926.00	 99.49
3927.00	 99.50
3928.00	 99.50
3929.00	 99.51
3930.00	 99.51
3931.00	 99.51
3932.00	 99.50
3933.00	 99.50
3934.00	 99.50
3935.00	 99.51
3936.00	 99.50
3937.00	 99.50
3938.00	 99.50
3939.00	 99.50
3940.00	 99.50
3941.00	 99.51
3942.00	 99.50
3943.00	 99.50
3944.00	 99.50
3945.00	 99.50
3946.00	 99.49
3947.00	 99.49
3948.00	 99.50
3949.00	 99.50
3950.00	 99.50
3951.00	 99.51
3952.00	 99.50
3953.00	 99.50
3954.00	 99.49
3955.00	 99.49
3956.00	 99.49
3957.00	 99.49
3958.00	 99.49
3959.00	 99.48
3960.00	 99.47
3961.00	 99.47
3962.00	 99.47
3963.00	 99.47
3964.00	 99.47
3965.00	 99.48
3966.00	 99.49
3967.00	 99.49
3968.00	 99.49
3969.00	 99.48
3970.00	 99.48
3971.00	 99.48
3972.00	 99.47
3973.00	 99.47
3974.00	 99.47
3975.00	 99.47
3976.00	 99.47
3977.00	 99.48
3978.00	 99.48
3979.00	 99.48
3980.00	 99.49
3981.00	 99.49
3982.00	 99.49
3983.00	 99.49
3984.00	 99.48
3985.00	 99.48
3986.00	 99.48
3987.00	 99.48
3988.00	 99.48
3989.00	 99.47
3990.00	 99.47
3991.00	 99.46
3992.00	 99.46
3993.00	 99.47
3994.00	 99.47
3995.00	 99.47
3996.00	 99.48
3997.00	 99.47
3998.00	 99.47
3999.00	 99.47
4000.00	 99.47
DESCRIPTION=Sample 006 By Administrator Date Thursday, February 15 2018
USER=Administrator
TIME=thu feb 15 17:14:59 2018 AUS Eastern Daylight Time (GMT+11:00)
INSTRUMENT=SPECTRUM TWO,NIOS2 MAIN 00.02.0079 15-DECEMBER-2014 11:35:32
JSTOP=105820
NOOFSCANS=4
DETECTOR=LITA03
SOURCE=MIR
BEAMSPLITTER=OPTKBR
RESOLUTION=4
APODIZATION=STRONG
PHASE=SPECTRUM
MODE=RATIO
OPDVEL=0.2
DEVICE=UNIVERSAL ATR
FFT=DOUBLE
DIRECTION=COMBINED
